1677762023
1677778503
1677722171
1677762437
1677722383
1677762967
1677752419
1677734713
1677771245
1677779351
1677827559
1677844039
1677787707
1677827973
1677787919
1677828503
1677817955
1677800249
1677836781
1677844887
1677893095
1677909575
1677853243
1677893509
1677853455
1677894039
1677883491
1677865785
1677902317
1677910423
1677958631
1677975111
1677918779
1677959045
1677918991
1677959575
1677949027
1677931321
1677967853
1677975959
1680363251
1680371491
1680343325
1680363458
1680343431
1680363723
1680358449
1680349596
1680367862
1680371915
1680396019
1680404259
1680376093
1680396226
1680376199
1680396491
1680391217
1680382364
1680400630
1680404683
1680476637
1680477667
1680474147
1680476663
1680474160
1680476696
1680476037
1680474931
1680477214
1680477720
1680503415
1680503672
1680502792
1680503421
1680502796
1680503429
1680503265
1680502988
1680503558
1680503685
1680505463
1680505720
1680504840
1680505469
1680504844
1680505477
1680505313
1680505036
1680505606
1680505733
1680511133
1680511197
1680510978
1680511134
1680510979
1680511136
1680511095
1680511027
1680511169
1680511200
1680511389
1680511453
1680511234
1680511390
1680511235
1680511392
1680511351
1680511283
1680511425
1680511456
1680512631
1680512888
1680512008
1680512637
1680512012
1680512645
1680512481
1680512204
1680512774
1680512901
1680514286
1680514801
1680513041
1680514299
1680513048
1680514316
1680513986
1680513433
1680514574
1680514827
1680517597
1680518627
1680515107
1680517623
1680515120
1680517656
1680516997
1680515891
1680518174
1680518680
1680480733
1680481763
1680478243
1680480759
1680478256
1680480792
1680480133
1680479027
1680481310
1680481816
1680521693
1680522723
1680519203
1680521719
1680519216
1680521752
1680521093
1680519987
1680522270
1680522776
1680525789
1680526819
1680523299
1680525815
1680523312
1680525848
1680525189
1680524083
1680526366
1680526872
1680529885
1680530915
1680527395
1680529911
1680527408
1680529944
1680529285
1680528179
1680530462
1680530968
1680533981
1680535011
1680531491
1680534007
1680531504
1680534040
1680533381
1680532275
1680534558
1680535064
1680538077
1680539107
1680535587
1680538103
1680535600
1680538136
1680537477
1680536371
1680538654
1680539160
1680484829
1680485859
1680482339
1680484855
1680482352
1680484888
1680484229
1680483123
1680485406
1680485912
1680485614
1680486129
1680484369
1680485627
1680484376
1680485644
1680485314
1680484761
1680485902
1680486155
1680487031
1680487288
1680486408
1680487037
1680486412
1680487045
1680486881
1680486604
1680487174
1680487301
1680488055
1680488312
1680487432
1680488061
1680487436
1680488069
1680487905
1680487628
1680488198
1680488325
1680489079
1680489336
1680488456
1680489085
1680488460
1680489093
1680488929
1680488652
1680489222
1680489349
1680489787
1680489915
1680489476
1680489790
1680489478
1680489794
1680489712
1680489574
1680489859
1680489922
1680490141
1680490205
1680489986
1680490142
1680489987
1680490144
1680490103
1680490035
1680490177
1680490208
1680490397
1680490461
1680490242
1680490398
1680490243
1680490400
1680490359
1680490291
1680490433
1680490464
1680493021
1680494051
1680490531
1680493047
1680490544
1680493080
1680492421
1680491315
1680493598
1680494104
1680497117
1680498147
1680494627
1680497143
1680494640
1680497176
1680496517
1680495411
1680497694
1680498200
1680542173
1680543203
1680539683
1680542199
1680539696
1680542232
1680541573
1680540467
1680542750
1680543256
1680567534
1680568049
1680566289
1680567547
1680566296
1680567564
1680567234
1680566681
1680567822
1680568075
1680569582
1680570097
1680568337
1680569595
1680568344
1680569612
1680569282
1680568729
1680569870
1680570123
1680570999
1680571256
1680570376
1680571005
1680570380
1680571013
1680570849
1680570572
1680571142
1680571269
1680572023
1680572280
1680571400
1680572029
1680571404
1680572037
1680571873
1680571596
1680572166
1680572293
1680582521
1680586641
1680572558
1680582624
1680572611
1680582757
1680580120
1680575694
1680584826
1680586853
1680545006
1680545521
1680543761
1680545019
1680543768
1680545036
1680544706
1680544153
1680545294
1680545547
1680598905
1680603025
1680588942
1680599008
1680588995
1680599141
1680596504
1680592078
1680601210
1680603237
1680565486
1680566001
1680564241
1680565499
1680564248
1680565516
1680565186
1680564633
1680565774
1680566027
1680766879
1680832799
1680607471
1680768535
1680608319
1680770655
1680728463
1680657639
1680803767
1680836191
1680610236
1680612296
1680605255
1680610288
1680605281
1680610354
1680609036
1680606823
1680611388
1680612402
1680618428
1680620488
1680613447
1680618480
1680613473
1680618546
1680617228
1680615015
1680619580
1680620594
1680626620
1680628680
1680621639
1680626672
1680621665
1680626738
1680625420
1680623207
1680627772
1680628786
1680634812
1680636872
1680629831
1680634864
1680629857
1680634930
1680633612
1680631399
1680635964
1680636978
1694501533
1694501597
1694501378
1694501534
1694501379
1694501536
1694501495
1694501427
1694501569
1694501600
1694501789
1694501853
1694501634
1694501790
1694501635
1694501792
1694501751
1694501683
1694501825
1694501856
1694502045
1694502109
1694501890
1694502046
1694501891
1694502048
1694502007
1694501939
1694502081
1694502112
1694531229
1694531293
1694531074
1694531230
1694531075
1694531232
1694531191
1694531123
1694531265
1694531296
1694531485
1694531549
1694531330
1694531486
1694531331
1694531488
1694531447
1694531379
1694531521
1694531552
1694502301
1694502365
1694502146
1694502302
1694502147
1694502304
1694502263
1694502195
1694502337
1694502368
1694502557
1694502621
1694502402
1694502558
1694502403
1694502560
1694502519
1694502451
1694502593
1694502624
1694502813
1694502877
1694502658
1694502814
1694502659
1694502816
1694502775
1694502707
1694502849
1694502880
1694503543
1694503800
1694502920
1694503549
1694502924
1694503557
1694503393
1694503116
1694503686
1694503813
1694504093
1694504157
1694503938
1694504094
1694503939
1694504096
1694504055
1694503987
1694504129
1694504160
1694504349
1694504413
1694504194
1694504350
1694504195
1694504352
1694504311
1694504243
1694504385
1694504416
1694504605
1694504669
1694504450
1694504606
1694504451
1694504608
1694504567
1694504499
1694504641
1694504672
1694504861
1694504925
1694504706
1694504862
1694504707
1694504864
1694504823
1694504755
1694504897
1694504928
1694505373
1694505437
1694505218
1694505374
1694505219
1694505376
1694505335
1694505267
1694505409
1694505440
1694505629
1694505693
1694505474
1694505630
1694505475
1694505632
1694505591
1694505523
1694505665
1694505696
1694505885
1694505949
1694505730
1694505886
1694505731
1694505888
1694505847
1694505779
1694505921
1694505952
1694506141
1694506205
1694505986
1694506142
1694505987
1694506144
1694506103
1694506035
1694506177
1694506208
1694506653
1694506717
1694506498
1694506654
1694506499
1694506656
1694506615
1694506547
1694506689
1694506720
1694506909
1694506973
1694506754
1694506910
1694506755
1694506912
1694506871
1694506803
1694506945
1694506976
1694507165
1694507229
1694507010
1694507166
1694507011
1694507168
1694507127
1694507059
1694507201
1694507232
1694507933
1694507997
1694507778
1694507934
1694507779
1694507936
1694507895
1694507827
1694507969
1694508000
1694508189
1694508253
1694508034
1694508190
1694508035
1694508192
1694508151
1694508083
1694508225
1694508256
1694508445
1694508509
1694508290
1694508446
1694508291
1694508448
1694508407
1694508339
1694508481
1694508512
1694509213
1694509277
1694509058
1694509214
1694509059
1694509216
1694509175
1694509107
1694509249
1694509280
1694499997
1694500061
1694499842
1694499998
1694499843
1694500000
1694499959
1694499891
1694500033
1694500064
1694509469
1694509533
1694509314
1694509470
1694509315
1694509472
1694509431
1694509363
1694509505
1694509536
1694509725
1694509789
1694509570
1694509726
1694509571
1694509728
1694509687
1694509619
1694509761
1694509792
1694510237
1694510301
1694510082
1694510238
1694510083
1694510240
1694510199
1694510131
1694510273
1694510304
1694510493
1694510557
1694510338
1694510494
1694510339
1694510496
1694510455
1694510387
1694510529
1694510560
1694510749
1694510813
1694510594
1694510750
1694510595
1694510752
1694510711
1694510643
1694510785
1694510816
1694511005
1694511069
1694510850
1694511006
1694510851
1694511008
1694510967
1694510899
1694511041
1694511072
1694511261
1694511325
1694511106
1694511262
1694511107
1694511264
1694511223
1694511155
1694511297
1694511328
1694511773
1694511837
1694511618
1694511774
1694511619
1694511776
1694511735
1694511667
1694511809
1694511840
1694500253
1694500317
1694500098
1694500254
1694500099
1694500256
1694500215
1694500147
1694500289
1694500320
1694512029
1694512093
1694511874
1694512030
1694511875
1694512032
1694511991
1694511923
1694512065
1694512096
1694512541
1694512605
1694512386
1694512542
1694512387
1694512544
1694512503
1694512435
1694512577
1694512608
1694512797
1694512861
1694512642
1694512798
1694512643
1694512800
1694512759
1694512691
1694512833
1694512864
1694513053
1694513117
1694512898
1694513054
1694512899
1694513056
1694513015
1694512947
1694513089
1694513120
1694513309
1694513373
1694513154
1694513310
1694513155
1694513312
1694513271
1694513203
1694513345
1694513376
1694513565
1694513629
1694513410
1694513566
1694513411
1694513568
1694513527
1694513459
1694513601
1694513632
1694513821
1694513885
1694513666
1694513822
1694513667
1694513824
1694513783
1694513715
1694513857
1694513888
1694514077
1694514141
1694513922
1694514078
1694513923
1694514080
1694514039
1694513971
1694514113
1694514144
1694514333
1694514397
1694514178
1694514334
1694514179
1694514336
1694514295
1694514227
1694514369
1694514400
1694500509
1694500573
1694500354
1694500510
1694500355
1694500512
1694500471
1694500403
1694500545
1694500576
1694515101
1694515165
1694514946
1694515102
1694514947
1694515104
1694515063
1694514995
1694515137
1694515168
1694525305
1694529425
1694515342
1694525408
1694515395
1694525541
1694522904
1694518478
1694527610
1694529637
1694515357
1694515421
1694515202
1694515358
1694515203
1694515360
1694515319
1694515251
1694515393
1694515424
1694515613
1694515677
1694515458
1694515614
1694515459
1694515616
1694515575
1694515507
1694515649
1694515680
1694515869
1694515933
1694515714
1694515870
1694515715
1694515872
1694515831
1694515763
1694515905
1694515936
1694501021
1694501085
1694500866
1694501022
1694500867
1694501024
1694500983
1694500915
1694501057
1694501088
1701092839
1701109319
1701052987
1701093253
1701053199
1701093783
1701083235
1701065529
1701102061
1701110167
1695194599
1695211079
1695154747
1695195013
1695154959
1695195543
1695184995
1695167289
1695203821
1695211927
1701128057
1701132177
1701118094
1701128160
1701118147
1701128293
1701125656
1701121230
1701130362
1701132389
1701123004
1701125064
1701118023
1701123056
1701118049
1701123122
1701121804
1701119591
1701124156
1701125170
1701160825
1701164945
1701150862
1701160928
1701150915
1701161061
1701158424
1701153998
1701163130
1701165157
1701177209
1701181329
1701167246
1701177312
1701167299
1701177445
1701174808
1701170382
1701179514
1701181541
1701143159
1701143416
1701142536
1701143165
1701142540
1701143173
1701143009
1701142732
1701143302
1701143429
1701142685
1701142749
1701142530
1701142686
1701142531
1701142688
1701142647
1701142579
1701142721
1701142752
1701142941
1701143005
1701142786
1701142942
1701142787
1701142944
1701142903
1701142835
1701142977
1701143008
1701143355
1701143483
1701143044
1701143358
1701143046
1701143362
1701143280
1701143142
1701143427
1701143490
1701143197
1701143261
1701143042
1701143198
1701143043
1701143200
1701143159
1701143091
1701143233
1701143264
1701143453
1701143517
1701143298
1701143454
1701143299
1701143456
1701143415
1701143347
1701143489
1701143520
1701193593
1701197713
1701183630
1701193696
1701183683
1701193829
1701191192
1701186766
1701195898
1701197925
1701236467
1701244707
1701216541
1701236674
1701216647
1701236939
1701231665
1701222812
1701241078
1701245131
1701208695
1701208952
1701208072
1701208701
1701208076
1701208709
1701208545
1701208268
1701208838
1701208965
1701289447
1701305927
1701249595
1701289861
1701249807
1701290391
1701279843
1701262137
1701298669
1701306775
1701395407
1701428367
1701315703
1701396235
1701316127
1701397295
1701376199
1701340787
1701413851
1701430063
1701526479
1701559439
1701446775
1701527307
1701447199
1701528367
1701507271
1701471859
1701544923
1701561135
1701617127
1701633607
1701577275
1701617541
1701577487
1701618071
1701607523
1701589817
1701626349
1701634455
1701596915
1701605155
1701576989
1701597122
1701577095
1701597387
1701592113
1701583260
1701601526
1701605579
1701586809
1701590929
1701576846
1701586912
1701576899
1701587045
1701584408
1701579982
1701589114
1701591141
1701629683
1701637923
1701609757
1701629890
1701609863
1701630155
1701624881
1701616028
1701634294
1701638347
1701619577
1701623697
1701609614
1701619680
1701609667
1701619813
1701617176
1701612750
1701621882
1701623909
1701635961
1701640081
1701625998
1701636064
1701626051
1701636197
1701633560
1701629134
1701638266
1701640293
1701603193
1701607313
1701593230
1701603296
1701593283
1701603429
1701600792
1701596366
1701605498
1701607525
1701606332
1701608392
1701601351
1701606384
1701601377
1701606450
1701605132
1701602919
1701607484
1701608498
1701682663
1701699143
1701642811
1701683077
1701643023
1701683607
1701673059
1701655353
1701691885
1701699991
1701652345
1701656465
1701642382
1701652448
1701642435
1701652581
1701649944
1701645518
1701654650
1701656677
1701668729
1701672849
1701658766
1701668832
1701658819
1701668965
1701666328
1701661902
1701671034
1701673061
1695260135
1695276615
1695220283
1695260549
1695220495
1695261079
1695250531
1695232825
1695269357
1695277463
1701760755
1701768995
1701740829
1701760962
1701740935
1701761227
1701755953
1701747100
1701765366
1701769419
1701813735
1701830215
1701773883
1701814149
1701774095
1701814679
1701804131
1701786425
1701822957
1701831063
1701919695
1701952655
1701839991
1701920523
1701840415
1701921583
1701900487
1701865075
1701938139
1701954351
1701879271
1701895751
1701839419
1701879685
1701839631
1701880215
1701869667
1701851961
1701888493
1701896599
1694617331
1694625571
1694597405
1694617538
1694597511
1694617803
1694612529
1694603676
1694621942
1694625995
1701944807
1701961287
1701904955
1701945221
1701905167
1701945751
1701935203
1701917497
1701954029
1701962135
1702050767
1702083727
1701971063
1702051595
1701971487
1702052655
1702031559
1701996147
1702069211
1702085423
1702010343
1702026823
1701970491
1702010757
1701970703
1702011287
1702000739
1701983033
1702019565
1702027671
1702075879
1702092359
1702036027
1702076293
1702036239
1702076823
1702066275
1702048569
1702085101
1702093207
1702181839
1702214799
1702102135
1702182667
1702102559
1702183727
1702162631
1702127219
1702200283
1702216495
1694568605
1694568669
1694568450
1694568606
1694568451
1694568608
1694568567
1694568499
1694568641
1694568672
1702206951
1702223431
1702167099
1702207365
1702167311
1702207895
1702197347
1702179641
1702216173
1702224279
1694568861
1694568925
1694568706
1694568862
1694568707
1694568864
1694568823
1694568755
1694568897
1694568928
1702242169
1702246289
1702232206
1702242272
1702232259
1702242405
1702239768
1702235342
1702244474
1702246501
1702274937
1702279057
1702264974
1702275040
1702265027
1702275173
1702272536
1702268110
1702277242
1702279269
1702291321
1702295441
1702281358
1702291424
1702281411
1702291557
1702288920
1702284494
1702293626
1702295653
1702258553
1702262673
1702248590
1702258656
1702248643
1702258789
1702256152
1702251726
1702260858
1702262885
1702300317
1702300381
1702300162
1702300318
1702300163
1702300320
1702300279
1702300211
1702300353
1702300384
1702300573
1702300637
1702300418
1702300574
1702300419
1702300576
1702300535
1702300467
1702300609
1702300640
1702300829
1702300893
1702300674
1702300830
1702300675
1702300832
1702300791
1702300723
1702300865
1702300896
1702301085
1702301149
1702300930
1702301086
1702300931
1702301088
1702301047
1702300979
1702301121
1702301152
1702301499
1702301627
1702301188
1702301502
1702301190
1702301506
1702301424
1702301286
1702301571
1702301634
1702298269
1702298333
1702298114
1702298270
1702298115
1702298272
1702298231
1702298163
1702298305
1702298336
1702298525
1702298589
1702298370
1702298526
1702298371
1702298528
1702298487
1702298419
1702298561
1702298592
1702306461
1702306525
1702306306
1702306462
1702306307
1702306464
1702306423
1702306355
1702306497
1702306528
1702306717
1702306781
1702306562
1702306718
1702306563
1702306720
1702306679
1702306611
1702306753
1702306784
1702306973
1702307037
1702306818
1702306974
1702306819
1702306976
1702306935
1702306867
1702307009
1702307040
1702307229
1702307293
1702307074
1702307230
1702307075
1702307232
1702307191
1702307123
1702307265
1702307296
1702307485
1702307549
1702307330
1702307486
1702307331
1702307488
1702307447
1702307379
1702307521
1702307552
1702307741
1702307805
1702307586
1702307742
1702307587
1702307744
1702307703
1702307635
1702307777
1702307808
1702307997
1702308061
1702307842
1702307998
1702307843
1702308000
1702307959
1702307891
1702308033
1702308064
1702299037
1702299101
1702298882
1702299038
1702298883
1702299040
1702298999
1702298931
1702299073
1702299104
1702299549
1702299613
1702299394
1702299550
1702299395
1702299552
1702299511
1702299443
1702299585
1702299616
1702299805
1702299869
1702299650
1702299806
1702299651
1702299808
1702299767
1702299699
1702299841
1702299872
1702300061
1702300125
1702299906
1702300062
1702299907
1702300064
1702300023
1702299955
1702300097
1702300128
1695325671
1695342151
1695285819
1695326085
1695286031
1695326615
1695316067
1695298361
1695334893
1695342999
1702940403
1702948643
1702920477
1702940610
1702920583
1702940875
1702935601
1702926748
1702945014
1702949067
1702889079
1702889336
1702888456
1702889085
1702888460
1702889093
1702888929
1702888652
1702889222
1702889349
1702913913
1702918033
1702903950
1702914016
1702904003
1702914149
1702911512
1702907086
1702916218
1702918245
1702993383
1703009863
1702953531
1702993797
1702953743
1702994327
1702983779
1702966073
1703002605
1703010711
1702953591
1702953848
1702952968
1702953597
1702952972
1702953605
1702953441
1702953164
1702953734
1702953861
1695391207
1695407687
1695351355
1695391621
1695351567
1695392151
1695381603
1695363897
1695400429
1695408535
1694573175
1694573432
1694572552
1694573181
1694572556
1694573189
1694573025
1694572748
1694573318
1694573445
1703573407
1703639327
1703413999
1703575063
1703414847
1703577183
1703534991
1703464167
1703610295
1703642719
1703492559
1703525519
1703412855
1703493387
1703413279
1703494447
1703473351
1703437939
1703511003
1703527215
1703452135
1703468615
1703412283
1703452549
1703412495
1703453079
1703442531
1703424825
1703461357
1703469463
1703517671
1703534151
1703477819
1703518085
1703478031
1703518615
1703508067
1703490361
1703526893
1703534999
1703623631
1703656591
1703543927
1703624459
1703544351
1703625519
1703604423
1703569011
1703642075
1703658287
1703583207
1703599687
1703543355
1703583621
1703543567
1703584151
1703573603
1703555897
1703592429
1703600535
1703648743
1703665223
1703608891
1703649157
1703609103
1703649687
1703639139
1703621433
1703657965
1703666071
1694574493
1694574557
1694574338
1694574494
1694574339
1694574496
1694574455
1694574387
1694574529
1694574560
1703835551
1703901471
1703676143
1703837207
1703676991
1703839327
1703797135
1703726311
1703872439
1703904863
1695456743
1695473223
1695416891
1695457157
1695417103
1695457687
1695447139
1695429433
1695465965
1695474071
1694566007
1694566264
1694565384
1694566013
1694565388
1694566021
1694565857
1694565580
1694566150
1694566277
1694565533
1694565597
1694565378
1694565534
1694565379
1694565536
1694565495
1694565427
1694565569
1694565600
1704582783
1704846463
1703945151
1704589407
1703948543
1704597887
1704429119
1704145823
1704730335
1704860031
1695522279
1695538759
1695482427
1695522693
1695482639
1695523223
1695512675
1695494969
1695531501
1695539607
1694565789
1694565853
1694565634
1694565790
1694565635
1694565792
1694565751
1694565683
1694565825
1694565856
1706278143
1706805503
1705002879
1706291391
1705009663
1706308351
1705970815
1705404223
1706573247
1706832639
1696194175
1696457855
1695556543
1696200799
1695559935
1696209279
1696040511
1695757215
1696341727
1696471423
1694566045
1694566109
1694565890
1694566046
1694565891
1694566048
1694566007
1694565939
1694566081
1694566112
1694590841
1694594961
1694580878
1694590944
1694580931
1694591077
1694588440
1694584014
1694593146
1694595173
1694566301
1694566365
1694566146
1694566302
1694566147
1694566304
1694566263
1694566195
1694566337
1694566368
1694567662
1694568177
1694566417
1694567675
1694566424
1694567692
1694567362
1694566809
1694567950
1694568203
1694639993
1694644113
1694630030
1694640096
1694630083
1694640229
1694637592
1694633166
1694642298
1694644325
1707846263
1707846520
1707845640
1707846269
1707845644
1707846277
1707846113
1707845836
1707846406
1707846533
1708170727
1708187207
1708130875
1708171141
1708131087
1708171671
1708161123
1708143417
1708179949
1708188055
1708135356
1708137416
1708130375
1708135408
1708130401
1708135474
1708134156
1708131943
1708136508
1708137522
1708168124
1708170184
1708163143
1708168176
1708163169
1708168242
1708166924
1708164711
1708169276
1708170290
1708176316
1708178376
1708171335
1708176368
1708171361
1708176434
1708175116
1708172903
1708177468
1708178482
1708184508
1708186568
1708179527
1708184560
1708179553
1708184626
1708183308
1708181095
1708185660
1708186674
1708192700
1708194760
1708187719
1708192752
1708187745
1708192818
1708191500
1708189287
1708193852
1708194866
1708143548
1708145608
1708138567
1708143600
1708138593
1708143666
1708142348
1708140135
1708144700
1708145714
1708151740
1708153800
1708146759
1708151792
1708146785
1708151858
1708150540
1708148327
1708152892
1708153906
1708159932
1708161992
1708154951
1708159984
1708154977
1708160050
1708158732
1708156519
1708161084
1708162098
1708236263
1708252743
1708196411
1708236677
1708196623
1708237207
1708226659
1708208953
1708245485
1708253591
1708233660
1708235720
1708228679
1708233712
1708228705
1708233778
1708232460
1708230247
1708234812
1708235826
1708241852
1708243912
1708236871
1708241904
1708236897
1708241970
1708240652
1708238439
1708243004
1708244018
1708250044
1708252104
1708245063
1708250096
1708245089
1708250162
1708248844
1708246631
1708251196
1708252210
1708258236
1708260296
1708253255
1708258288
1708253281
1708258354
1708257036
1708254823
1708259388
1708260402
1708209084
1708211144
1708204103
1708209136
1708204129
1708209202
1708207884
1708205671
1708210236
1708211250
1708217276
1708219336
1708212295
1708217328
1708212321
1708217394
1708216076
1708213863
1708218428
1708219442
1708301799
1708318279
1708261947
1708302213
1708262159
1708302743
1708292195
1708274489
1708311021
1708319127
1708331964
1708334024
1708326983
1708332016
1708327009
1708332082
1708330764
1708328551
1708333116
1708334130
1708364732
1708366792
1708359751
1708364784
1708359777
1708364850
1708363532
1708361319
1708365884
1708366898
1708372924
1708374984
1708367943
1708372976
1708367969
1708373042
1708371724
1708369511
1708374076
1708375090
1708381116
1708383176
1708376135
1708381168
1708376161
1708381234
1708379916
1708377703
1708382268
1708383282
1708389308
1708391368
1708384327
1708389360
1708384353
1708389426
1708388108
1708385895
1708390460
1708391474
1708340156
1708342216
1708335175
1708340208
1708335201
1708340274
1708338956
1708336743
1708341308
1708342322
1708348348
1708350408
1708343367
1708348400
1708343393
1708348466
1708347148
1708344935
1708349500
1708350514
1708356540
1708358600
1708351559
1708356592
1708351585
1708356658
1708355340
1708353127
1708357692
1708358706
1708432871
1708449351
1708393019
1708433285
1708393231
1708433815
1708423267
1708405561
1708442093
1708450199
1708397500
1708399560
1708392519
1708397552
1708392545
1708397618
1708396300
1708394087
1708398652
1708399666
1708430268
1708432328
1708425287
1708430320
1708425313
1708430386
1708429068
1708426855
1708431420
1708432434
1708438460
1708440520
1708433479
1708438512
1708433505
1708438578
1708437260
1708435047
1708439612
1708440626
1708446652
1708448712
1708441671
1708446704
1708441697
1708446770
1708445452
1708443239
1708447804
1708448818
1708454844
1708456904
1708449863
1708454896
1708449889
1708454962
1708453644
1708451431
1708455996
1708457010
1708405692
1708407752
1708400711
1708405744
1708400737
1708405810
1708404492
1708402279
1708406844
1708407858
1708413884
1708415944
1708408903
1708413936
1708408929
1708414002
1708412684
1708410471
1708415036
1708416050
1708422076
1708424136
1708417095
1708422128
1708417121
1708422194
1708420876
1708418663
1708423228
1708424242
1708498407
1708514887
1708458555
1708498821
1708458767
1708499351
1708488803
1708471097
1708507629
1708515735
1708463036
1708465096
1708458055
1708463088
1708458081
1708463154
1708461836
1708459623
1708464188
1708465202
1708495804
1708497864
1708490823
1708495856
1708490849
1708495922
1708494604
1708492391
1708496956
1708497970
1708503996
1708506056
1708499015
1708504048
1708499041
1708504114
1708502796
1708500583
1708505148
1708506162
1708512188
1708514248
1708507207
1708512240
1708507233
1708512306
1708510988
1708508775
1708513340
1708514354
1708520380
1708522440
1708515399
1708520432
1708515425
1708520498
1708519180
1708516967
1708521532
1708522546
1708471228
1708473288
1708466247
1708471280
1708466273
1708471346
1708470028
1708467815
1708472380
1708473394
1708479420
1708481480
1708474439
1708479472
1708474465
1708479538
1708478220
1708476007
1708480572
1708481586
1708487612
1708489672
1708482631
1708487664
1708482657
1708487730
1708486412
1708484199
1708488764
1708489778
1708528572
1708530632
1708523591
1708528624
1708523617
1708528690
1708527372
1708525159
1708529724
1708530738
1708576499
1708584739
1708556573
1708576706
1708556679
1708576971
1708571697
1708562844
1708581110
1708585163
1708561340
1708563400
1708556359
1708561392
1708556385
1708561458
1708560140
1708557927
1708562492
1708563506
1708569532
1708571592
1708564551
1708569584
1708564577
1708569650
1708568332
1708566119
1708570684
1708571698
1708577724
1708579784
1708572743
1708577776
1708572769
1708577842
1708576524
1708574311
1708578876
1708579890
1708585916
1708587976
1708580935
1708585968
1708580961
1708586034
1708584716
1708582503
1708587068
1708588082
1708536764
1708538824
1708531783
1708536816
1708531809
1708536882
1708535564
1708533351
1708537916
1708538930
1708544956
1708547016
1708539975
1708545008
1708540001
1708545074
1708543756
1708541543
1708546108
1708547122
1708553148
1708555208
1708548167
1708553200
1708548193
1708553266
1708551948
1708549735
1708554300
1708555314
1708609267
1708617507
1708589341
1708609474
1708589447
1708609739
1708604465
1708595612
1708613878
1708617931
1708594108
1708596168
1708589127
1708594160
1708589153
1708594226
1708592908
1708590695
1708595260
1708596274
1708626876
1708628936
1708621895
1708626928
1708621921
1708626994
1708625676
1708623463
1708628028
1708629042
1708635068
1708637128
1708630087
1708635120
1708630113
1708635186
1708633868
1708631655
1708636220
1708637234
1708643260
1708645320
1708638279
1708643312
1708638305
1708643378
1708642060
1708639847
1708644412
1708645426
1708651452
1708653512
1708646471
1708651504
1708646497
1708651570
1708650252
1708648039
1708652604
1708653618
1708602300
1708604360
1708597319
1708602352
1708597345
1708602418
1708601100
1708598887
1708603452
1708604466
1708610492
1708612552
1708605511
1708610544
1708605537
1708610610
1708609292
1708607079
1708611644
1708612658
1708618684
1708620744
1708613703
1708618736
1708613729
1708618802
1708617484
1708615271
1708619836
1708620850
1694672110
1694672625
1694670865
1694672123
1694670872
1694672140
1694671810
1694671257
1694672398
1694672651
1694671005
1694671069
1694670850
1694671006
1694670851
1694671008
1694670967
1694670899
1694671041
1694671072
1694672029
1694672093
1694671874
1694672030
1694671875
1694672032
1694671991
1694671923
1694672065
1694672096
1694672285
1694672349
1694672130
1694672286
1694672131
1694672288
1694672247
1694672179
1694672321
1694672352
1694672541
1694672605
1694672386
1694672542
1694672387
1694672544
1694672503
1694672435
1694672577
1694672608
1694672797
1694672861
1694672642
1694672798
1694672643
1694672800
1694672759
1694672691
1694672833
1694672864
1694673527
1694673784
1694672904
1694673533
1694672908
1694673541
1694673377
1694673100
1694673670
1694673797
1694677469
1694678499
1694674979
1694677495
1694674992
1694677528
1694676869
1694675763
1694678046
1694678552
1709502271
1709634111
1709183455
1709505583
1709185151
1709509823
1709425439
1709283791
1709576047
1709640895
1709350375
1709366855
1709310523
1709350789
1709310735
1709351319
1709340771
1709323065
1709359597
1709367703
1709461235
1709469475
1709441309
1709461442
1709441415
1709461707
1709456433
1709447580
1709465846
1709469899
1709612519
1709628999
1709572667
1709612933
1709572879
1709613463
1709602915
1709585209
1709621741
1709629847
1709678055
1709694535
1709638203
1709678469
1709638415
1709678999
1709668451
1709650745
1709687277
1709695383
1709784015
1709816975
1709704311
1709784843
1709704735
1709785903
1709764807
1709729395
1709802459
1709818671
1709867323
1709867451
1709867012
1709867326
1709867014
1709867330
1709867248
1709867110
1709867395
1709867458
1709869371
1709869499
1709869060
1709869374
1709869062
1709869378
1709869296
1709869158
1709869443
1709869506
1709853303
1709853560
1709852680
1709853309
1709852684
1709853317
1709853153
1709852876
1709853446
1709853573
1710247667
1710255907
1710227741
1710247874
1710227847
1710248139
1710242865
1710234012
1710252278
1710256331
1710280435
1710288675
1710260509
1710280642
1710260615
1710280907
1710275633
1710266780
1710285046
1710289099
1710313203
1710321443
1710293277
1710313410
1710293383
1710313675
1710308401
1710299548
1710317814
1710321867
1710345971
1710354211
1710326045
1710346178
1710326151
1710346443
1710341169
1710332316
1710350582
1710354635
1710378739
1710386979
1710358813
1710378946
1710358919
1710379211
1710373937
1710365084
1710383350
1710387403
1710411507
1710419747
1710391581
1710411714
1710391687
1710411979
1710406705
1710397852
1710416118
1710420171
1710444275
1710452515
1710424349
1710444482
1710424455
1710444747
1710439473
1710430620
1710448886
1710452939
1710477043
1710485283
1710457117
1710477250
1710457223
1710477515
1710472241
1710463388
1710481654
1710485707
1710570447
1710603407
1710490743
1710571275
1710491167
1710572335
1710551239
1710515827
1710588891
1710605103
1710701519
1710734479
1710621815
1710702347
1710622239
1710703407
1710682311
1710646899
1710719963
1710736175
1710923239
1710939719
1710883387
1710923653
1710883599
1710924183
1710913635
1710895929
1710932461
1710940567
1710978286
1710978801
1710977041
1710978299
1710977048
1710978316
1710977986
1710977433
1710978574
1710978827
1710969788
1710971848
1710964807
1710969840
1710964833
1710969906
1710968588
1710966375
1710970940
1710971954
1710975453
1710976483
1710972963
1710975479
1710972976
1710975512
1710974853
1710973747
1710976030
1710976536
1711250919
1711267399
1711211067
1711251333
1711211279
1711251863
1711241315
1711223609
1711260141
1711268247
1711211758
1711212273
1711210513
1711211771
1711210520
1711211788
1711211458
1711210905
1711212046
1711212299
1711211127
1711211384
1711210504
1711211133
1711210508
1711211141
1711210977
1711210700
1711211270
1711211397
1711238382
1711238897
1711237137
1711238395
1711237144
1711238412
1711238082
1711237529
1711238670
1711238923
1711240430
1711240945
1711239185
1711240443
1711239192
1711240460
1711240130
1711239577
1711240718
1711240971
1711242478
1711242993
1711241233
1711242491
1711241240
1711242508
1711242178
1711241625
1711242766
1711243019
1711244526
1711245041
1711243281
1711244539
1711243288
1711244556
1711244226
1711243673
1711244814
1711245067
1711243895
1711244152
1711243272
1711243901
1711243276
1711243909
1711243745
1711243468
1711244038
1711244165
1711244919
1711245176
1711244296
1711244925
1711244300
1711244933
1711244769
1711244492
1711245062
1711245189
1711246574
1711247089
1711245329
1711246587
1711245336
1711246604
1711246274
1711245721
1711246862
1711247115
1711245943
1711246200
1711245320
1711245949
1711245324
1711245957
1711245793
1711245516
1711246086
1711246213
1711246967
1711247224
1711246344
1711246973
1711246348
1711246981
1711246817
1711246540
1711247110
1711247237
1711248622
1711249137
1711247377
1711248635
1711247384
1711248652
1711248322
1711247769
1711248910
1711249163
1711247991
1711248248
1711247368
1711247997
1711247372
1711248005
1711247841
1711247564
1711248134
1711248261
1711249015
1711249272
1711248392
1711249021
1711248396
1711249029
1711248865
1711248588
1711249158
1711249285
1711250670
1711251185
1711249425
1711250683
1711249432
1711250700
1711250370
1711249817
1711250958
1711251211
1711251063
1711251320
1711250440
1711251069
1711250444
1711251077
1711250913
1711250636
1711251206
1711251333
1711252718
1711253233
1711251473
1711252731
1711251480
1711252748
1711252418
1711251865
1711253006
1711253259
1711252087
1711252344
1711251464
1711252093
1711251468
1711252101
1711251937
1711251660
1711252230
1711252357
1711215854
1711216369
1711214609
1711215867
1711214616
1711215884
1711215554
1711215001
1711216142
1711216395
1711215223
1711215480
1711214600
1711215229
1711214604
1711215237
1711215073
1711214796
1711215366
1711215493
1711253111
1711253368
1711252488
1711253117
1711252492
1711253125
1711252961
1711252684
1711253254
1711253381
1711254766
1711255281
1711253521
1711254779
1711253528
1711254796
1711254466
1711253913
1711255054
1711255307
1711254135
1711254392
1711253512
1711254141
1711253516
1711254149
1711253985
1711253708
1711254278
1711254405
1711255159
1711255416
1711254536
1711255165
1711254540
1711255173
1711255009
1711254732
1711255302
1711255429
1711256814
1711257329
1711255569
1711256827
1711255576
1711256844
1711256514
1711255961
1711257102
1711257355
1711256183
1711256440
1711255560
1711256189
1711255564
1711256197
1711256033
1711255756
1711256326
1711256453
1711258862
1711259377
1711257617
1711258875
1711257624
1711258892
1711258562
1711258009
1711259150
1711259403
1711258231
1711258488
1711257608
1711258237
1711257612
1711258245
1711258081
1711257804
1711258374
1711258501
1711260910
1711261425
1711259665
1711260923
1711259672
1711260940
1711260610
1711260057
1711261198
1711261451
1711262958
1711263473
1711261713
1711262971
1711261720
1711262988
1711262658
1711262105
1711263246
1711263499
1711216247
1711216504
1711215624
1711216253
1711215628
1711216261
1711216097
1711215820
1711216390
1711216517
1711265006
1711265521
1711263761
1711265019
1711263768
1711265036
1711264706
1711264153
1711265294
1711265547
1711267054
1711267569
1711265809
1711267067
1711265816
1711267084
1711266754
1711266201
1711267342
1711267595
1711269102
1711269617
1711267857
1711269115
1711267864
1711269132
1711268802
1711268249
1711269390
1711269643
1711271150
1711271665
1711269905
1711271163
1711269912
1711271180
1711270850
1711270297
1711271438
1711271691
1711273198
1711273713
1711271953
1711273211
1711271960
1711273228
1711272898
1711272345
1711273486
1711273739
1711217902
1711218417
1711216657
1711217915
1711216664
1711217932
1711217602
1711217049
1711218190
1711218443
1711217271
1711217528
1711216648
1711217277
1711216652
1711217285
1711217121
1711216844
1711217414
1711217541
1711275246
1711275761
1711274001
1711275259
1711274008
1711275276
1711274946
1711274393
1711275534
1711275787
1711218295
1711218552
1711217672
1711218301
1711217676
1711218309
1711218145
1711217868
1711218438
1711218565
1711219950
1711220465
1711218705
1711219963
1711218712
1711219980
1711219650
1711219097
1711220238
1711220491
1711219319
1711219576
1711218696
1711219325
1711218700
1711219333
1711219169
1711218892
1711219462
1711219589
1711220343
1711220600
1711219720
1711220349
1711219724
1711220357
1711220193
1711219916
1711220486
1711220613
1711221998
1711222513
1711220753
1711222011
1711220760
1711222028
1711221698
1711221145
1711222286
1711222539
1711221367
1711221624
1711220744
1711221373
1711220748
1711221381
1711221217
1711220940
1711221510
1711221637
1711212151
1711212408
1711211528
1711212157
1711211532
1711212165
1711212001
1711211724
1711212294
1711212421
1711222391
1711222648
1711221768
1711222397
1711221772
1711222405
1711222241
1711221964
1711222534
1711222661
1711224046
1711224561
1711222801
1711224059
1711222808
1711224076
1711223746
1711223193
1711224334
1711224587
1711223415
1711223672
1711222792
1711223421
1711222796
1711223429
1711223265
1711222988
1711223558
1711223685
1711224439
1711224696
1711223816
1711224445
1711223820
1711224453
1711224289
1711224012
1711224582
1711224709
1711226094
1711226609
1711224849
1711226107
1711224856
1711226124
1711225794
1711225241
1711226382
1711226635
1711225463
1711225720
1711224840
1711225469
1711224844
1711225477
1711225313
1711225036
1711225606
1711225733
1711226487
1711226744
1711225864
1711226493
1711225868
1711226501
1711226337
1711226060
1711226630
1711226757
1711228142
1711228657
1711226897
1711228155
1711226904
1711228172
1711227842
1711227289
1711228430
1711228683
1711227511
1711227768
1711226888
1711227517
1711226892
1711227525
1711227361
1711227084
1711227654
1711227781
1711228535
1711228792
1711227912
1711228541
1711227916
1711228549
1711228385
1711228108
1711228678
1711228805
1711230190
1711230705
1711228945
1711230203
1711228952
1711230220
1711229890
1711229337
1711230478
1711230731
1711230583
1711230840
1711229960
1711230589
1711229964
1711230597
1711230433
1711230156
1711230726
1711230853
1711232238
1711232753
1711230993
1711232251
1711231000
1711232268
1711231938
1711231385
1711232526
1711232779
1711213806
1711214321
1711212561
1711213819
1711212568
1711213836
1711213506
1711212953
1711214094
1711214347
1711213175
1711213432
1711212552
1711213181
1711212556
1711213189
1711213025
1711212748
1711213318
1711213445
1711232631
1711232888
1711232008
1711232637
1711232012
1711232645
1711232481
1711232204
1711232774
1711232901
1711234286
1711234801
1711233041
1711234299
1711233048
1711234316
1711233986
1711233433
1711234574
1711234827
1711233655
1711233912
1711233032
1711233661
1711233036
1711233669
1711233505
1711233228
1711233798
1711233925
1711234679
1711234936
1711234056
1711234685
1711234060
1711234693
1711234529
1711234252
1711234822
1711234949
1711236334
1711236849
1711235089
1711236347
1711235096
1711236364
1711236034
1711235481
1711236622
1711236875
1694656377
1694660497
1694646414
1694656480
1694646467
1694656613
1694653976
1694649550
1694658682
1694660709
16830195
16838435
16810269
16830402
16810375
16830667
16825393
16816540
16834806
16838859
16820089
16824209
16810126
16820192
16810179
16820325
16817688
16813262
16822394
16824421
16815036
16817096
16810055
16815088
16810081
16815154
16813836
16811623
16816188
16817202
1694735847
1694752327
1694695995
1694736261
1694696207
1694736791
1694726243
1694708537
1694745069
1694753175
1696868217
1696872337
1696858254
1696868320
1696858307
1696868453
1696865816
1696861390
1696870522
1696872549
1696874909
1696874973
1696874754
1696874910
1696874755
1696874912
1696874871
1696874803
1696874945
1696874976
1696878749
1696878813
1696878594
1696878750
1696878595
1696878752
1696878711
1696878643
1696878785
1696878816
1696880029
1696880093
1696879874
1696880030
1696879875
1696880032
1696879991
1696879923
1696880065
1696880096
1696880285
1696880349
1696880130
1696880286
1696880131
1696880288
1696880247
1696880179
1696880321
1696880352
1696880541
1696880605
1696880386
1696880542
1696880387
1696880544
1696880503
1696880435
1696880577
1696880608
1697070031
1697102991
1696990327
1697070859
1696990751
1697071919
1697050823
1697015411
1697088475
1697104687
1697201103
1697234063
1697121399
1697201931
1697121823
1697202991
1697181895
1697146483
1697219547
1697235759
1694922655
1694988575
1694763247
1694924311
1694764095
1694926431
1694884239
1694813415
1694959543
1694991967
1697544095
1697610015
1697384687
1697545751
1697385535
1697547871
1697505679
1697434855
1697580983
1697613407
1697776247
1697776504
1697775624
1697776253
1697775628
1697776261
1697776097
1697775820
1697776390
1697776517
1697775931
1697776059
1697775620
1697775934
1697775622
1697775938
1697775856
1697775718
1697776003
1697776066
1697775773
1697775837
1697775618
1697775774
1697775619
1697775776
1697775735
1697775667
1697775809
1697775840
1697776029
1697776093
1697775874
1697776030
1697775875
1697776032
1697775991
1697775923
1697776065
1697776096
1697828595
1697836835
1697808669
1697828802
1697808775
1697829067
1697823793
1697814940
1697833206
1697837259
1697779869
1697779933
1697779714
1697779870
1697779715
1697779872
1697779831
1697779763
1697779905
1697779936
1697780125
1697780189
1697779970
1697780126
1697779971
1697780128
1697780087
1697780019
1697780161
1697780192
1697780381
1697780445
1697780226
1697780382
1697780227
1697780384
1697780343
1697780275
1697780417
1697780448
1697776443
1697776571
1697776132
1697776446
1697776134
1697776450
1697776368
1697776230
1697776515
1697776578
1697776285
1697776349
1697776130
1697776286
1697776131
1697776288
1697776247
1697776179
1697776321
1697776352
1697782941
1697783005
1697782786
1697782942
1697782787
1697782944
1697782903
1697782835
1697782977
1697783008
1697783197
1697783261
1697783042
1697783198
1697783043
1697783200
1697783159
1697783091
1697783233
1697783264
1697776541
1697776605
1697776386
1697776542
1697776387
1697776544
1697776503
1697776435
1697776577
1697776608
1697786333
1697787363
1697783843
1697786359
1697783856
1697786392
1697785733
1697784627
1697786910
1697787416
1697789166
1697789681
1697787921
1697789179
1697787928
1697789196
1697788866
1697788313
1697789454
1697789707
1697791607
1697791864
1697790984
1697791613
1697790988
1697791621
1697791457
1697791180
1697791750
1697791877
1697792157
1697792221
1697792002
1697792158
1697792003
1697792160
1697792119
1697792051
1697792193
1697792224
1697793693
1697793757
1697793538
1697793694
1697793539
1697793696
1697793655
1697793587
1697793729
1697793760
1697793949
1697794013
1697793794
1697793950
1697793795
1697793952
1697793911
1697793843
1697793985
1697794016
1697794205
1697794269
1697794050
1697794206
1697794051
1697794208
1697794167
1697794099
1697794241
1697794272
1697794461
1697794525
1697794306
1697794462
1697794307
1697794464
1697794423
1697794355
1697794497
1697794528
1697778926
1697779441
1697777681
1697778939
1697777688
1697778956
1697778626
1697778073
1697779214
1697779467
1697881575
1697898055
1697841723
1697881989
1697841935
1697882519
1697871971
1697854265
1697890797
1697898903
1697851257
1697855377
1697841294
1697851360
1697841347
1697851493
1697848856
1697844430
1697853562
1697855589
1697884025
1697888145
1697874062
1697884128
1697874115
1697884261
1697881624
1697877198
1697886330
1697888357
1697878972
1697881032
1697873991
1697879024
1697874017
1697879090
1697877772
1697875559
1697880124
1697881138
1697900409
1697904529
1697890446
1697900512
1697890499
1697900645
1697898008
1697893582
1697902714
1697904741
1697982329
1697986449
1697972366
1697982432
1697972419
1697982565
1697979928
1697975502
1697984634
1697986661
1697974749
1697975779
1697972259
1697974775
1697972272
1697974808
1697974149
1697973043
1697975326
1697975832
1697999479
1697999736
1697998856
1697999485
1697998860
1697999493
1697999329
1697999052
1697999622
1697999749
1698000503
1698000760
1697999880
1698000509
1697999884
1698000517
1698000353
1698000076
1698000646
1698000773
1697978845
1697979875
1697976355
1697978871
1697976368
1697978904
1697978245
1697977139
1697979422
1697979928
1697982941
1697983971
1697980451
1697982967
1697980464
1697983000
1697982341
1697981235
1697983518
1697984024
1697987037
1697988067
1697984547
1697987063
1697984560
1697987096
1697986437
1697985331
1697987614
1697988120
1697988765
1697988829
1697988610
1697988766
1697988611
1697988768
1697988727
1697988659
1697988801
1697988832
1697989021
1697989085
1697988866
1697989022
1697988867
1697989024
1697988983
1697988915
1697989057
1697989088
1697989277
1697989341
1697989122
1697989278
1697989123
1697989280
1697989239
1697989171
1697989313
1697989344
1697997431
1697997688
1697996808
1697997437
1697996812
1697997445
1697997281
1697997004
1697997574
1697997701
1697996957
1697997021
1697996802
1697996958
1697996803
1697996960
1697996919
1697996851
1697996993
1697997024
1697997469
1697997533
1697997314
1697997470
1697997315
1697997472
1697997431
1697997363
1697997505
1697997536
1697997725
1697997789
1697997570
1697997726
1697997571
1697997728
1697997687
1697997619
1697997761
1697997792
1698113401
1698117521
1698103438
1698113504
1698103491
1698113637
1698111000
1698106574
1698115706
1698117733
1698103709
1698103773
1698103554
1698103710
1698103555
1698103712
1698103671
1698103603
1698103745
1698103776
1698106525
1698106589
1698106370
1698106526
1698106371
1698106528
1698106487
1698106419
1698106561
1698106592
1698146169
1698150289
1698136206
1698146272
1698136259
1698146405
1698143768
1698139342
1698148474
1698150501
1698106781
1698106845
1698106626
1698106782
1698106627
1698106784
1698106743
1698106675
1698106817
1698106848
1698107195
1698107323
1698106884
1698107198
1698106886
1698107202
1698107120
1698106982
1698107267
1698107330
1698107549
1698107613
1698107394
1698107550
1698107395
1698107552
1698107511
1698107443
1698107585
1698107616
1698107805
1698107869
1698107650
1698107806
1698107651
1698107808
1698107767
1698107699
1698107841
1698107872
1698108219
1698108347
1698107908
1698108222
1698107910
1698108226
1698108144
1698108006
1698108291
1698108354
1698157500
1698159560
1698152519
1698157552
1698152545
1698157618
1698156300
1698154087
1698158652
1698159666
1698108731
1698108859
1698108420
1698108734
1698108422
1698108738
1698108656
1698108518
1698108803
1698108866
1698103965
1698104029
1698103810
1698103966
1698103811
1698103968
1698103927
1698103859
1698104001
1698104032
1698109085
1698109149
1698108930
1698109086
1698108931
1698109088
1698109047
1698108979
1698109121
1698109152
1698109341
1698109405
1698109186
1698109342
1698109187
1698109344
1698109303
1698109235
1698109377
1698109408
1698110702
1698111217
1698109457
1698110715
1698109464
1698110732
1698110402
1698109849
1698110990
1698111243
1698104221
1698104285
1698104066
1698104222
1698104067
1698104224
1698104183
1698104115
1698104257
1698104288
1698116540
1698118600
1698111559
1698116592
1698111585
1698116658
1698115340
1698113127
1698117692
1698118706
1698104951
1698105208
1698104328
1698104957
1698104332
1698104965
1698104801
1698104524
1698105094
1698105221
1698120942
1698121457
1698119697
1698120955
1698119704
1698120972
1698120642
1698120089
1698121230
1698121483
1698122990
1698123505
1698121745
1698123003
1698121752
1698123020
1698122690
1698122137
1698123278
1698123531
1698121885
1698121949
1698121730
1698121886
1698121731
1698121888
1698121847
1698121779
1698121921
1698121952
1698126301
1698127331
1698123811
1698126327
1698123824
1698126360
1698125701
1698124595
1698126878
1698127384
1698105975
1698106232
1698105352
1698105981
1698105356
1698105989
1698105825
1698105548
1698106118
1698106245
1698132924
1698134984
1698127943
1698132976
1698127969
1698133042
1698131724
1698129511
1698134076
1698135090
16781943
16782200
16781320
16781949
16781324
16781957
16781793
16781516
16782086
16782213
1698668007
1698684487
1698628155
1698668421
1698628367
1698668951
1698658403
1698640697
1698677229
1698685335
1698647795
1698656035
1698627869
1698648002
1698627975
1698648267
1698642993
1698634140
1698652406
1698656459
1698637689
1698641809
1698627726
1698637792
1698627779
1698637925
1698635288
1698630862
1698639994
1698642021
1698680563
1698688803
1698660637
1698680770
1698660743
1698681035
1698675761
1698666908
1698685174
1698689227
1698670457
1698674577
1698660494
1698670560
1698660547
1698670693
1698668056
1698663630
1698672762
1698674789
1698686841
1698690961
1698676878
1698686944
1698676931
1698687077
1698684440
1698680014
1698689146
1698691173
1699016511
1699148351
1698697695
1699019823
1698699391
1699024063
1698939679
1698798031
1699090287
1699155135
1699379103
1699445023
1699219695
1699380759
1699220543
1699382879
1699340687
1699269863
1699415991
1699448415
1699560399
1699593359
1699480695
1699561227
1699481119
1699562287
1699541191
1699505779
1699578843
1699595055
1699613341
1699613405
1699613186
1699613342
1699613187
1699613344
1699613303
1699613235
1699613377
1699613408
1699613853
1699613917
1699613698
1699613854
1699613699
1699613856
1699613815
1699613747
1699613889
1699613920
1699663603
1699671843
1699643677
1699663810
1699643783
1699664075
1699658801
1699649948
1699668214
1699672267
1699648444
1699650504
1699643463
1699648496
1699643489
1699648562
1699647244
1699645031
1699649596
1699650610
1699644023
1699644280
1699643400
1699644029
1699643404
1699644037
1699643873
1699643596
1699644166
1699644293
1699644731
1699644859
1699644420
1699644734
1699644422
1699644738
1699644656
1699644518
1699644803
1699644866
1699645243
1699645371
1699644932
1699645246
1699644934
1699645250
1699645168
1699645030
1699645315
1699645378
1699614365
1699614429
1699614210
1699614366
1699614211
1699614368
1699614327
1699614259
1699614401
1699614432
1699647133
1699647197
1699646978
1699647134
1699646979
1699647136
1699647095
1699647027
1699647169
1699647200
1699648925
1699648989
1699648770
1699648926
1699648771
1699648928
1699648887
1699648819
1699648961
1699648992
1699614621
1699614685
1699614466
1699614622
1699614467
1699614624
1699614583
1699614515
1699614657
1699614688
1699649949
1699650013
1699649794
1699649950
1699649795
1699649952
1699649911
1699649843
1699649985
1699650016
1699650461
1699650525
1699650306
1699650462
1699650307
1699650464
1699650423
1699650355
1699650497
1699650528
1699656636
1699658696
1699651655
1699656688
1699651681
1699656754
1699655436
1699653223
1699657788
1699658802
1699615351
1699615608
1699614728
1699615357
1699614732
1699615365
1699615201
1699614924
1699615494
1699615621
1699616375
1699616632
1699615752
1699616381
1699615756
1699616389
1699616225
1699615948
1699616518
1699616645
1699617399
1699617656
1699616776
1699617405
1699616780
1699617413
1699617249
1699616972
1699617542
1699617669
1699612279
1699612536
1699611656
1699612285
1699611660
1699612293
1699612129
1699611852
1699612422
1699612549
1699613934
1699614449
1699612689
1699613947
1699612696
1699613964
1699613634
1699613081
1699614222
1699614475
1699612829
1699612893
1699612674
1699612830
1699612675
1699612832
1699612791
1699612723
1699612865
1699612896
1699613085
1699613149
1699612930
1699613086
1699612931
1699613088
1699613047
1699612979
1699613121
1699613152
1699716583
1699733063
1699676731
1699716997
1699676943
1699717527
1699706979
1699689273
1699725805
1699733911
1699741341
1699741405
1699741186
1699741342
1699741187
1699741344
1699741303
1699741235
1699741377
1699741408
1699741597
1699741661
1699741442
1699741598
1699741443
1699741600
1699741559
1699741491
1699741633
1699741664
1700065087
1700196927
1699746271
1700068399
1699747967
1700072639
1699988255
1699846607
1700138863
1700203711
1695063527
1695080007
1695023675
1695063941
1695023887
1695064471
1695053923
1695036217
1695072749
1695080855
1700589375
1700721215
1700270559
1700592687
1700272255
1700596927
1700512543
1700370895
1700663151
1700727999
1695129063
1695145543
1695089211
1695129477
1695089423
1695130007
1695119459
1695101753
1695138285
1695146391
16836473
16840593
16826510
16836576
16826563
16836709
16834072
16829646
16838778
16840805
16831420
16833480
16826439
16831472
16826465
16831538
16830220
16828007
16832572
16833586
1700793975
1700794232
1700793352
1700793981
1700793356
1700793989
1700793825
1700793548
1700794118
1700794245
1700793757
1700793821
1700793602
1700793758
1700793603
1700793760
1700793719
1700793651
1700793793
1700793824
1700803516
1700805576
1700798535
1700803568
1700798561
1700803634
1700802316
1700800103
1700804668
1700805682
1700961767
1700978247
1700921915
1700962181
1700922127
1700962711
1700952163
1700934457
1700970989
1700979095
1700954743
1700955000
1700954120
1700954749
1700954124
1700954757
1700954593
1700954316
1700954886
1700955013
1700955767
1700956024
1700955144
1700955773
1700955148
1700955781
1700955617
1700955340
1700955910
1700956037
1700956791
1700957048
1700956168
1700956797
1700956172
1700956805
1700956641
1700956364
1700956934
1700957061
1700959470
1700959985
1700958225
1700959483
1700958232
1700959500
1700959170
1700958617
1700959758
1700960011
1700961518
1700962033
1700960273
1700961531
1700960280
1700961548
1700961218
1700960665
1700961806
1700962059
1700963566
1700964081
1700962321
1700963579
1700962328
1700963596
1700963266
1700962713
1700963854
1700964107
1700988142
1700988657
1700986897
1700988155
1700986904
1700988172
1700987842
1700987289
1700988430
1700988683
1700987195
1700987323
1700986884
1700987198
1700986886
1700987202
1700987120
1700986982
1700987267
1700987330
1700989755
1700989883
1700989444
1700989758
1700989446
1700989762
1700989680
1700989542
1700989827
1700989890
1700990267
1700990395
1700989956
1700990270
1700989958
1700990274
1700990192
1700990054
1700990339
1700990402
1701039859
1701048099
1701019933
1701040066
1701020039
1701040331
1701035057
1701026204
1701044470
1701048523
1700990779
1700990907
1700990468
1700990782
1700990470
1700990786
1700990704
1700990566
1700990851
1700990914
1700992238
1700992753
1700990993
1700992251
1700991000
1700992268
1700991938
1700991385
1700992526
1700992779
1700991291
1700991419
1700990980
1700991294
1700990982
1700991298
1700991216
1700991078
1700991363
1700991426
1700991803
1700991931
1700991492
1700991806
1700991494
1700991810
1700991728
1700991590
1700991875
1700991938
1700992315
1700992443
1700992004
1700992318
1700992006
1700992322
1700992240
1700992102
1700992387
1700992450
1700992827
1700992955
1700992516
1700992830
1700992518
1700992834
1700992752
1700992614
1700992899
1700992962
1700994286
1700994801
1700993041
1700994299
1700993048
1700994316
1700993986
1700993433
1700994574
1700994827
1700993851
1700993979
1700993540
1700993854
1700993542
1700993858
1700993776
1700993638
1700993923
1700993986
1700994363
1700994491
1700994052
1700994366
1700994054
1700994370
1700994288
1700994150
1700994435
1700994498
1700994875
1700995003
1700994564
1700994878
1700994566
1700994882
1700994800
1700994662
1700994947
1700995010
1700996334
1700996849
1700995089
1700996347
1700995096
1700996364
1700996034
1700995481
1700996622
1700996875
1700995387
1700995515
1700995076
1700995390
1700995078
1700995394
1700995312
1700995174
1700995459
1700995522
1700995899
1700996027
1700995588
1700995902
1700995590
1700995906
1700995824
1700995686
1700995971
1700996034
1700996411
1700996539
1700996100
1700996414
1700996102
1700996418
1700996336
1700996198
1700996483
1700996546
1700996923
1700997051
1700996612
1700996926
1700996614
1700996930
1700996848
1700996710
1700996995
1700997058
1700998382
1700998897
1700997137
1700998395
1700997144
1700998412
1700998082
1700997529
1700998670
1700998923
1700988219
1700988347
1700987908
1700988222
1700987910
1700988226
1700988144
1700988006
1700988291
1700988354
1700997947
1700998075
1700997636
1700997950
1700997638
1700997954
1700997872
1700997734
1700998019
1700998082
1700998459
1700998587
1700998148
1700998462
1700998150
1700998466
1700998384
1700998246
1700998531
1700998594
1700998971
1700999099
1700998660
1700998974
1700998662
1700998978
1700998896
1700998758
1700999043
1700999106
1701001693
1701002723
1700999203
1701001719
1700999216
1701001752
1701001093
1700999987
1701002270
1701002776
1701000430
1701000945
1700999185
1701000443
1700999192
1701000460
1701000130
1700999577
1701000718
1701000971
1701000507
1701000635
1701000196
1701000510
1701000198
1701000514
1701000432
1701000294
1701000579
1701000642
1701001019
1701001147
1701000708
1701001022
1701000710
1701001026
1701000944
1701000806
1701001091
1701001154
